Camera matrix : 

[[709.70715987   0.         316.02753041]
 [  0.         710.15430705 262.7973154 ]
 [  0.           0.           1.        ]]
dist : 

[[-9.14692714e-02  1.55892004e+00  4.77596533e-03 -2.23396589e-03
  -4.72051436e+00]]
rvecs : 

(array([[0.02188034],
       [0.01846392],
       [3.10593933]]), array([[0.03995402],
       [0.05614821],
       [3.0705787 ]]), array([[0.7254031 ],
       [0.33759691],
       [2.93618879]]), array([[0.76693169],
       [0.28296192],
       [2.91894167]]), array([[0.94869234],
       [0.36347477],
       [2.81576734]]), array([[1.09584391],
       [0.3466544 ],
       [2.67619678]]), array([[0.64967459],
       [0.4081543 ],
       [2.76269584]]), array([[0.60320195],
       [0.45223398],
       [2.74898718]]), array([[0.18375522],
       [0.67796558],
       [3.03648194]]), array([[0.08210223],
       [0.77571747],
       [3.00747251]]), array([[0.16479308],
       [0.8250508 ],
       [2.74279364]]), array([[-1.74879287e-03],
       [ 8.81037020e-01],
       [ 2.84814812e+00]]), array([[0.04350892],
       [0.08554656],
       [3.11873879]]), array([[0.32612402],
       [0.13414229],
       [2.82166947]]), array([[0.53714481],
       [0.15303443],
       [2.8206846 ]]), array([[-0.34600502],
       [ 0.28055454],
       [ 2.99514921]]), array([[ 0.52523763],
       [-0.3582003 ],
       [-3.01652047]]), array([[-0.14429286],
       [ 0.66239506],
       [ 2.80126011]]), array([[0.02765301],
       [0.80780185],
       [2.66921478]]), array([[-0.03011013],
       [ 0.74216542],
       [ 2.67975485]]), array([[0.22723862],
       [0.47641811],
       [2.77738412]]), array([[0.30879456],
       [0.43955624],
       [2.96843739]]), array([[0.17283945],
       [0.59026284],
       [2.7589897 ]]), array([[ 0.07717034],
       [-0.00446459],
       [ 3.11535304]]), array([[-0.20794767],
       [ 0.1504668 ],
       [ 3.12744343]]), array([[0.49084879],
       [0.29006189],
       [3.02502998]]), array([[-0.86652331],
       [ 0.0080389 ],
       [-3.0015709 ]]), array([[0.92448504],
       [0.08272479],
       [2.88970764]]), array([[0.93589731],
       [0.08233816],
       [2.88382959]]), array([[0.69567091],
       [0.22956388],
       [2.62320439]]), array([[ 0.07658024],
       [-0.0916924 ],
       [ 3.12467968]]), array([[8.47751219e-02],
       [1.93657231e-03],
       [3.12400999e+00]]), array([[0.06199371],
       [0.17112193],
       [3.09023139]]), array([[0.01960813],
       [0.04936221],
       [3.11911743]]), array([[0.27510336],
       [0.07298709],
       [3.04869667]]), array([[0.25596577],
       [0.06865311],
       [3.05983908]]), array([[0.40552562],
       [0.08448691],
       [2.98275674]]))
tvecs : 

(array([[ 3.4354622 ],
       [ 1.48171075],
       [10.6182616 ]]), array([[ 3.61856474],
       [ 1.40781354],
       [10.77945146]]), array([[ 1.8540161 ],
       [ 0.78423647],
       [12.61810402]]), array([[ 1.79773512],
       [ 0.33840858],
       [12.09544229]]), array([[ 1.59687256],
       [ 0.49534678],
       [11.66095022]]), array([[ 1.14669749],
       [ 0.35099206],
       [10.95336197]]), array([[ 1.8982371 ],
       [ 0.10269583],
       [11.29631412]]), array([[ 2.50479058],
       [-0.18839339],
       [11.54896405]]), array([[ 3.00708629],
       [ 0.89766098],
       [12.07690192]]), array([[ 2.97182829],
       [ 1.32044206],
       [12.41306591]]), array([[ 3.86979032],
       [-0.5435366 ],
       [12.63301937]]), array([[ 3.60611799],
       [ 0.78570371],
       [13.32352429]]), array([[ 3.37600767],
       [ 1.21779856],
       [10.6381586 ]]), array([[ 4.08185983],
       [ 0.35379055],
       [13.69527508]]), array([[ 3.56413496],
       [-0.23549974],
       [14.24180975]]), array([[ 3.11871182],
       [ 0.56660993],
       [14.78749861]]), array([[ 3.06877382],
       [ 2.22314231],
       [15.85305776]]), array([[ 3.81898402],
       [-0.40151392],
       [14.19165705]]), array([[ 4.2396627 ],
       [ 0.33398288],
       [14.26669111]]), array([[ 4.41097992],
       [-0.90350567],
       [15.42395637]]), array([[ 2.92092064],
       [-0.38565083],
       [15.17204851]]), array([[ 3.63856533],
       [ 0.47543814],
       [13.08583893]]), array([[ 3.57756838],
       [-0.14207324],
       [13.48345555]]), array([[ 3.29776565],
       [ 1.23332995],
       [10.04873547]]), array([[ 2.83361504],
       [ 0.79807559],
       [15.45891742]]), array([[ 2.98735951],
       [ 0.18287119],
       [14.70117319]]), array([[ 2.94773659],
       [ 0.84444363],
       [13.6505104 ]]), array([[ 1.64881084],
       [ 1.15263254],
       [12.01772743]]), array([[ 1.70782323],
       [ 1.15413864],
       [11.92194251]]), array([[ 2.7846614 ],
       [-0.18651428],
       [12.41272292]]), array([[ 3.21662003],
       [ 1.49614317],
       [12.23208736]]), array([[3.42174399],
       [1.39816511],
       [9.88878739]]), array([[ 2.98892532],
       [ 0.74023498],
       [12.18111532]]), array([[ 2.93404657],
       [ 0.80783917],
       [14.08298539]]), array([[ 3.16277091],
       [ 0.43998736],
       [12.64699449]]), array([[ 2.88024571],
       [ 0.68502904],
       [11.75944327]]), array([[ 2.53194916],
       [ 0.42602605],
       [11.56933818]]))