Camera matrix : 

[[3.50290599e+03 0.00000000e+00 1.51848481e+03]
 [0.00000000e+00 3.50844937e+03 1.95717389e+03]
 [0.00000000e+00 0.00000000e+00 1.00000000e+00]]
dist : 

[[ 1.37271585e-02  3.71314990e-01 -2.99701425e-03 -9.95418080e-05
  -1.02282922e+00]]
rvecs : 

(array([[-0.01499939],
       [ 0.01398339],
       [-1.58470754]]), array([[-0.09973323],
       [-0.04385725],
       [-1.57832809]]), array([[-0.00338831],
       [ 0.02752901],
       [-1.56391515]]), array([[ 0.0850357 ],
       [ 0.11796057],
       [-1.56026892]]), array([[ 0.16849644],
       [ 0.18791709],
       [-1.55089773]]), array([[-0.17905186],
       [-0.09777943],
       [-1.55861452]]), array([[-0.15819777],
       [-0.11090146],
       [-1.55258441]]), array([[-0.0924016 ],
       [-0.12496842],
       [-1.55037928]]), array([[-0.26955504],
       [ 0.10289711],
       [-1.56705818]]), array([[ 0.39149455],
       [ 0.5214506 ],
       [-1.54257436]]), array([[ 0.60448331],
       [ 0.66527686],
       [-1.47460512]]), array([[ 0.5095392 ],
       [ 0.35718987],
       [-1.54102426]]), array([[-0.38020386],
       [-0.32109884],
       [-1.55629084]]), array([[-0.25460347],
       [ 0.17068762],
       [-1.56785988]]), array([[-0.29050799],
       [ 0.21500803],
       [-1.57229895]]), array([[-0.36682269],
       [ 0.12233507],
       [-1.53049445]]), array([[-0.4524687 ],
       [ 0.07229749],
       [-1.48568831]]), array([[-0.56701464],
       [-0.01184056],
       [-1.43679585]]), array([[-0.67178971],
       [ 0.02153482],
       [-1.39518185]]), array([[-0.492984  ],
       [-0.12244972],
       [-1.69902045]]), array([[-0.47198637],
       [-0.23554819],
       [-1.55933169]]), array([[-0.42140239],
       [-0.26096137],
       [-1.78229007]]), array([[-0.35975357],
       [-0.53252975],
       [-1.80327936]]), array([[-0.48126211],
       [-0.63741172],
       [-1.74428338]]), array([[-0.45183554],
       [-0.54935403],
       [-1.67851511]]), array([[-0.32360395],
       [-0.41218835],
       [-1.3220154 ]]), array([[ 0.35542473],
       [ 0.25669611],
       [-1.36593615]]), array([[ 0.23890186],
       [ 0.43821522],
       [-1.66173768]]), array([[-0.23127663],
       [ 0.26711799],
       [-1.54090157]]), array([[-0.5270836 ],
       [-0.45476671],
       [-1.68512063]]), array([[-0.5101403 ],
       [-0.49387042],
       [-1.24961573]]))
tvecs : 

(array([[-1.9033597 ],
       [ 3.77686136],
       [ 8.73375766]]), array([[-1.76667634],
       [ 3.59160708],
       [ 8.79416646]]), array([[-2.00402984],
       [ 3.77608985],
       [ 8.42698965]]), array([[-1.88973332],
       [ 3.86868449],
       [ 9.25773417]]), array([[-2.13839174],
       [ 4.08233469],
       [ 9.83298366]]), array([[-1.92992014],
       [ 3.29116198],
       [ 8.87133367]]), array([[-2.03309461],
       [ 3.58890289],
       [ 9.87033175]]), array([[-1.54453097],
       [ 3.51024692],
       [ 9.7363117 ]]), array([[-2.23869448],
       [ 3.30374541],
       [10.55038186]]), array([[-1.3801457 ],
       [ 3.63389172],
       [13.14790809]]), array([[-1.42235352],
       [ 3.59076704],
       [14.66286391]]), array([[-1.67931779],
       [ 3.85732839],
       [12.97171106]]), array([[-1.42616164],
       [ 1.75253951],
       [ 9.68446237]]), array([[-2.26963163],
       [ 3.47213181],
       [10.67761635]]), array([[-2.75306388],
       [ 3.41164867],
       [10.83405601]]), array([[-2.43145956],
       [ 3.35207947],
       [10.50610257]]), array([[-2.98803545],
       [ 2.86887787],
       [ 9.90868239]]), array([[-3.28118493],
       [ 2.96104736],
       [11.12052488]]), array([[-2.67791046],
       [ 2.55226703],
       [ 9.41076954]]), array([[-1.46301887],
       [ 2.58651829],
       [ 9.02986862]]), array([[-2.15821027],
       [ 2.07728497],
       [ 9.26942715]]), array([[-1.32806346],
       [ 2.28714268],
       [ 9.92629833]]), array([[-1.20736327],
       [ 0.94650511],
       [ 9.90471754]]), array([[-1.77517612],
       [ 0.8269894 ],
       [11.10954677]]), array([[-1.97727506],
       [ 1.30810468],
       [ 9.1899547 ]]), array([[-2.24431591],
       [ 1.17893481],
       [10.26926766]]), array([[-2.34847098],
       [ 3.92846574],
       [13.7867597 ]]), array([[-1.75693687],
       [ 4.33109046],
       [14.25581749]]), array([[-1.85222783],
       [ 3.92423841],
       [13.62228713]]), array([[-1.78866752],
       [ 0.82028527],
       [ 9.61338692]]), array([[-2.48524236],
       [ 0.06614771],
       [ 9.92176589]]))
