Camera matrix : 

[[875.95480148   0.         381.08796291]
 [  0.         877.16269556 487.31048417]
 [  0.           0.           1.        ]]
dist : 

[[ 7.48437226e-03  3.99518495e-01 -3.42288834e-03  2.84160071e-04
  -1.03659741e+00]]
rvecs : 

(array([[-0.01515006],
       [ 0.01300399],
       [-1.58465618]]), array([[-0.10068839],
       [-0.04506871],
       [-1.57849849]]), array([[ 0.51212211],
       [ 0.6021466 ],
       [-1.50266758]]), array([[ 0.56931438],
       [ 0.53093548],
       [-1.4545826 ]]), array([[ 0.45940548],
       [ 0.74513215],
       [-1.58204296]]), array([[ 0.60424624],
       [ 0.66185212],
       [-1.47425583]]), array([[ 0.50929495],
       [ 0.35389785],
       [-1.54052282]]), array([[-0.22724276],
       [-0.38112843],
       [-1.4974023 ]]), array([[-0.38019576],
       [-0.32318542],
       [-1.55666556]]), array([[-0.10427598],
       [-0.35436007],
       [-1.52706334]]), array([[ 0.07590946],
       [-0.36296312],
       [-1.52800437]]), array([[-0.26963822],
       [ 0.13204425],
       [-1.57731152]]), array([[-0.004074  ],
       [ 0.02616719],
       [-1.56385673]]), array([[-0.25528212],
       [ 0.16879906],
       [-1.56834516]]), array([[-0.29056902],
       [ 0.21350587],
       [-1.5726492 ]]), array([[-0.36698994],
       [ 0.12030935],
       [-1.53110814]]), array([[-0.45261134],
       [ 0.07035578],
       [-1.48647576]]), array([[-0.56671177],
       [-0.01422768],
       [-1.43758754]]), array([[-0.67167487],
       [ 0.01900758],
       [-1.39613457]]), array([[-0.49271633],
       [-0.12473664],
       [-1.69977834]]), array([[-0.47218809],
       [-0.23769526],
       [-1.55998207]]), array([[-0.4210309 ],
       [-0.26352291],
       [-1.78284931]]), array([[-0.26966717],
       [-0.3332006 ],
       [-1.8427549 ]]), array([[ 0.08457073],
       [ 0.11655373],
       [-1.56017022]]), array([[-0.35941364],
       [-0.53549271],
       [-1.80362992]]), array([[-0.48144304],
       [-0.64006037],
       [-1.74488126]]), array([[-0.45151949],
       [-0.55193374],
       [-1.67902204]]), array([[-0.32366413],
       [-0.41482755],
       [-1.32218082]]), array([[ 0.35518394],
       [ 0.25365048],
       [-1.36558751]]), array([[ 0.23937932],
       [ 0.43527751],
       [-1.66161072]]), array([[-0.23141185],
       [ 0.26577263],
       [-1.54135439]]), array([[-0.52692878],
       [-0.45740813],
       [-1.68572319]]), array([[-0.51048287],
       [-0.49646893],
       [-1.2501094 ]]), array([[ 0.168078  ],
       [ 0.18614918],
       [-1.55064978]]), array([[-0.17935709],
       [-0.09898138],
       [-1.55900988]]), array([[-0.15834336],
       [-0.11169129],
       [-1.55284533]]), array([[-0.09244023],
       [-0.12646377],
       [-1.55049484]]), array([[-0.27020373],
       [ 0.10155017],
       [-1.56733201]]), array([[ 0.39121642],
       [ 0.51853414],
       [-1.54223738]]))
tvecs : 

(array([[-1.9227951 ],
       [ 3.79352507],
       [ 8.72930517]]), array([[-1.78588291],
       [ 3.60850286],
       [ 8.78862508]]), array([[-1.780381  ],
       [ 3.54138366],
       [13.45978017]]), array([[-2.03134751],
       [ 3.23228017],
       [13.70460017]]), array([[-1.07327478],
       [ 3.3726129 ],
       [13.72235507]]), array([[-1.45360481],
       [ 3.61906464],
       [14.6537183 ]]), array([[-1.70732257],
       [ 3.88178047],
       [12.9595722 ]]), array([[-1.43142022],
       [ 2.48224764],
       [ 9.80798653]]), array([[-1.44783702],
       [ 1.77159348],
       [ 9.67782901]]), array([[-1.31072359],
       [ 2.88111831],
       [10.81794403]]), array([[-0.95093724],
       [ 3.38285836],
       [10.85982279]]), array([[-2.28930941],
       [ 4.2176459 ],
       [10.26533979]]), array([[-2.02251921],
       [ 3.79193136],
       [ 8.42057836]]), array([[-2.2915264 ],
       [ 3.49244298],
       [10.66733264]]), array([[-2.77544655],
       [ 3.43232058],
       [10.82623441]]), array([[-2.45341376],
       [ 3.37197297],
       [10.49674738]]), array([[-3.00807637],
       [ 2.88807101],
       [ 9.90067406]]), array([[-3.30388168],
       [ 2.98259696],
       [11.11082605]]), array([[-2.69759266],
       [ 2.57033571],
       [ 9.40098327]]), array([[-1.48186828],
       [ 2.60432043],
       [ 9.02202846]]), array([[-2.1778868 ],
       [ 2.09566383],
       [ 9.26147827]]), array([[-1.34873069],
       [ 2.30626257],
       [ 9.9188234 ]]), array([[-0.54908271],
       [ 2.0924568 ],
       [10.72945371]]), array([[-1.90946659],
       [ 3.88547746],
       [ 9.25071338]]), array([[-1.22814437],
       [ 0.96512024],
       [ 9.89671311]]), array([[-1.79808662],
       [ 0.84847819],
       [11.0999649 ]]), array([[-1.996614  ],
       [ 1.32598879],
       [ 9.18549598]]), array([[-2.26647601],
       [ 1.19845755],
       [10.26196623]]), array([[-2.3777828 ],
       [ 3.95430818],
       [13.77315535]]), array([[-1.78692721],
       [ 4.35792736],
       [14.24210927]]), array([[-1.88036105],
       [ 3.94946933],
       [13.61376031]]), array([[-1.80858895],
       [ 0.83897395],
       [ 9.60680963]]), array([[-2.50642634],
       [ 0.08551361],
       [ 9.91608501]]), array([[-2.15936292],
       [ 4.09996558],
       [ 9.82387345]]), array([[-1.94931691],
       [ 3.30903824],
       [ 8.8660994 ]]), array([[-2.05510584],
       [ 3.60918272],
       [ 9.86798593]]), array([[-1.56556637],
       [ 3.5293201 ],
       [ 9.72937128]]), array([[-2.26062497],
       [ 3.32347959],
       [10.54369484]]), array([[-1.40849784],
       [ 3.65825433],
       [13.13722457]]))